010000000000000
010000000000000
02             00
0008
00000010000000000000
  0008
  00000010000000000000
       02             00
       0008
       00000008
          00000010000000000000
               02             00
              a  0000002             00
              af  0000002             00
0008
00000010000000000000
010000000000000
02             0002             00
                 0008
                 00000010000000000000
                   0008
                   00000010000000000000
                        02             00
asdfioasdfoijasdl
34953487834                        00000008
                                      00000010000000000000
                                           02             00
                                          a  0000002             00
                                          af  0000002             00
                            0008
                            00000010000000000000
                            010000000000000
                            02             0002             00
                                             0008
                                             00000010000000000000
                                               0008
                                               00000010000000000000
                                                    02             00
                            asdfioasdfoijasdl
                            34953487834
                                   00000008
                                      00000010000000000000
                                           02             00
                                          a  0000002             00
                                          af  0000002             00
                            0008
                            00000010000000000000
                            010000000000000
                            02             0002             00
                                             0008
                                             00000010000000000000
                                               0008
                                               00000010000000000000
                                                    02             00
                            asdfioasdfoijasdl
                            34953487834

            00000008
               00000010000000000000
                    02             00
                   a  0000002             00
                   af  0000002             00
     0008
     00000010000000000000
     010000000000000
     02             0002             00
                      0008
                      00000010000000000000
                        0008
                        00000010000000000000
                             02             00
     asdfioasdfoijasdl
     34953487834